1000
26598
13801
6686
16797
71219
24057
31582
78998
89294
89290
63796
23527
79541
15368
28614
85614
34296
62979
24655
39385
33714
26093
68211
6713
56033
3709
6203
88723
44312
57260
48502
46468
23225
9587
93209
87246
3154
69428
1401
84954
21237
47790
77032
65445
15871
43581
78668
86948
57528
94424
29090
67161
5828
67005
86531
60935
159
66803
52898
89565
83088
55052
73321
39267
91934
3816
91513
80631
52848
74947
5351
29780
206
39468
58290
6842
77924
24638
73035
96365
3429
55749
84524
36753
18889
76482
64367
81331
26947
62756
73048
63356
59662
90687
58485
34432
3213
14518
5328
10675
26598
13801
6686
16797
71219
24057
31582
78998
89294
89290
63796
23527
79541
15368
28614
85614
34296
62979
24655
39385
33714
26093
68211
6713
56033
3709
6203
88723
44312
57260
48502
46468
23225
9587
93209
87246
3154
69428
1401
84954
21237
47790
77032
65445
15871
43581
78668
86948
57528
94424
29090
67161
5828
67005
86531
60935
159
66803
52898
89565
83088
55052
73321
39267
91934
3816
91513
80631
52848
74947
5351
29780
206
39468
58290
6842
77924
24638
73035
96365
3429
55749
84524
36753
18889
76482
64367
81331
26947
62756
73048
63356
59662
90687
58485
34432
3213
14518
5328
10675
26598
13801
6686
16797
71219
24057
31582
78998
89294
89290
63796
23527
79541
15368
28614
85614
34296
62979
24655
39385
33714
26093
68211
6713
56033
3709
6203
88723
44312
57260
48502
46468
23225
9587
93209
87246
3154
69428
1401
84954
21237
47790
77032
65445
15871
43581
78668
86948
57528
94424
29090
67161
5828
67005
86531
60935
159
66803
52898
89565
83088
55052
73321
39267
91934
3816
91513
80631
52848
74947
5351
29780
206
39468
58290
6842
77924
24638
73035
96365
3429
55749
84524
36753
18889
76482
64367
81331
26947
62756
73048
63356
59662
90687
58485
34432
3213
14518
5328
10675
26598
13801
6686
16797
71219
24057
31582
78998
89294
89290
63796
23527
79541
15368
28614
85614
34296
62979
24655
39385
33714
26093
68211
6713
56033
3709
6203
88723
44312
57260
48502
46468
23225
9587
93209
87246
3154
69428
1401
84954
21237
47790
77032
65445
15871
43581
78668
86948
57528
94424
29090
67161
5828
67005
86531
60935
159
66803
52898
89565
83088
55052
73321
39267
91934
3816
91513
80631
52848
74947
5351
29780
206
39468
58290
6842
77924
24638
73035
96365
3429
55749
84524
36753
18889
76482
64367
81331
26947
62756
73048
63356
59662
90687
58485
34432
3213
14518
5328
10675
26598
13801
6686
16797
71219
24057
31582
78998
89294
89290
63796
23527
79541
15368
28614
85614
34296
62979
24655
39385
33714
26093
68211
6713
56033
3709
6203
88723
44312
57260
48502
46468
23225
9587
93209
87246
3154
69428
1401
84954
21237
47790
77032
65445
15871
43581
78668
86948
57528
94424
29090
67161
5828
67005
86531
60935
159
66803
52898
89565
83088
55052
73321
39267
91934
3816
91513
80631
52848
74947
5351
29780
206
39468
58290
6842
77924
24638
73035
96365
3429
55749
84524
36753
18889
76482
64367
81331
26947
62756
73048
63356
59662
90687
58485
34432
3213
14518
5328
10675
26598
13801
6686
16797
71219
24057
31582
78998
89294
89290
63796
23527
79541
15368
28614
85614
34296
62979
24655
39385
33714
26093
68211
6713
56033
3709
6203
88723
44312
57260
48502
46468
23225
9587
93209
87246
3154
69428
1401
84954
21237
47790
77032
65445
15871
43581
78668
86948
57528
94424
29090
67161
5828
67005
86531
60935
159
66803
52898
89565
83088
55052
73321
39267
91934
3816
91513
80631
52848
74947
5351
29780
206
39468
58290
6842
77924
24638
73035
96365
3429
55749
84524
36753
18889
76482
64367
81331
26947
62756
73048
63356
59662
90687
58485
34432
3213
14518
5328
10675
26598
13801
6686
16797
71219
24057
31582
78998
89294
89290
63796
23527
79541
15368
28614
85614
34296
62979
24655
39385
33714
26093
68211
6713
56033
3709
6203
88723
44312
57260
48502
46468
23225
9587
93209
87246
3154
69428
1401
84954
21237
47790
77032
65445
15871
43581
78668
86948
57528
94424
29090
67161
5828
67005
86531
60935
159
66803
52898
89565
83088
55052
73321
39267
91934
3816
91513
80631
52848
74947
5351
29780
206
39468
58290
6842
77924
24638
73035
96365
3429
55749
84524
36753
18889
76482
64367
81331
26947
62756
73048
63356
59662
90687
58485
34432
3213
14518
5328
10675
26598
13801
6686
16797
71219
24057
31582
78998
89294
89290
63796
23527
79541
15368
28614
85614
34296
62979
24655
39385
33714
26093
68211
6713
56033
3709
6203
88723
44312
57260
48502
46468
23225
9587
93209
87246
3154
69428
1401
84954
21237
47790
77032
65445
15871
43581
78668
86948
57528
94424
29090
67161
5828
67005
86531
60935
159
66803
52898
89565
83088
55052
73321
39267
91934
3816
91513
80631
52848
74947
5351
29780
206
39468
58290
6842
77924
24638
73035
96365
3429
55749
84524
36753
18889
76482
64367
81331
26947
62756
73048
63356
59662
90687
58485
34432
3213
14518
5328
10675
26598
13801
6686
16797
71219
24057
31582
78998
89294
89290
63796
23527
79541
15368
28614
85614
34296
62979
24655
39385
33714
26093
68211
6713
56033
3709
6203
88723
44312
57260
48502
46468
23225
9587
93209
87246
3154
69428
1401
84954
21237
47790
77032
65445
15871
43581
78668
86948
57528
94424
29090
67161
5828
67005
86531
60935
159
66803
52898
89565
83088
55052
73321
39267
91934
3816
91513
80631
52848
74947
5351
29780
206
39468
58290
6842
77924
24638
73035
96365
3429
55749
84524
36753
18889
76482
64367
81331
26947
62756
73048
63356
59662
90687
58485
34432
3213
14518
5328
10675
26598
13801
6686
16797
71219
24057
31582
78998
89294
89290
63796
23527
79541
15368
28614
85614
34296
62979
24655
39385
33714
26093
68211
6713
56033
3709
6203
88723
44312
57260
48502
46468
23225
9587
93209
87246
3154
69428
1401
84954
21237
47790
77032
65445
15871
43581
78668
86948
57528
94424
29090
67161
5828
67005
86531
60935
159
66803
52898
89565
83088
55052
73321
39267
91934
3816
91513
80631
52848
74947
5351
29780
206
39468
58290
6842
77924
24638
73035
96365
3429
55749
84524
36753
18889
76482
64367
81331
26947
62756
73048
63356
59662
90687
58485
34432
3213
14518
5328
10675
